2.779649062559470622e+04
3.035170980045720171e+03
1.056615295000315427e+03
5.127714276560434428e+02
2.900934051746018554e+02
1.784517150442228797e+02
1.152765013681509316e+02
7.662317112805189367e+01
5.171068181443615686e+01
3.509035931776028150e+01
2.375744465811151329e+01
1.593709278810699104e+01
1.052105347029632831e+01
6.785108118433127444e+00
4.238101535503560946e+00
2.536967829793455032e+00
1.436908187814779136e+00
7.623433415171428917e-01
4.308088752865219528e-01
4.249404562916816452e-01
4.067847336893634647e-01
3.931051831638918692e-01
3.850303026838985954e-01
3.523046253577607478e-01
3.309552516713220593e-01
2.851360753319117647e-01
2.790714924345663595e-01
2.436006364639005106e-01
2.194235558161738431e-01
1.656094342687155496e-01
1.514683328313750632e-01
1.371461635316835737e-01
1.125156154678498555e-01
8.858707209550177597e-02
5.716024007148837183e-02
4.890372743450478038e-02
4.887840575382258052e-02
4.687025206727472165e-02
4.535783999889156370e-02
4.425219690814667650e-02
4.097129747991255094e-02
4.072688089895464686e-02
3.633621538961290254e-02
3.479246707275368555e-02
3.333008624416971405e-02
3.050379011185096537e-02
2.855563973750468651e-02
2.561101217751318021e-02
1.985047821991376554e-02
1.959374461407739632e-02
1.875039999561587886e-02
1.385544246026166118e-02
1.244661950755323980e-02
1.239247202364800703e-02
1.161799043454766686e-02
1.160541242045548364e-02
1.139302105279389916e-02
1.033951055004043128e-02
1.015646669737083931e-02
9.007769180735439307e-03
8.876739758118737736e-03
8.784549161441869425e-03
8.364577337124562417e-03
7.056860472201792293e-03
6.796213780742717606e-03
6.395713965204212481e-03
5.376605651517095928e-03
4.688986953117554521e-03
4.525374015903111703e-03
4.525073584276359182e-03
4.247583757567988463e-03
4.220825610882688282e-03
3.857453560590334840e-03
3.810317559736129539e-03
3.792836857962505678e-03
3.700654010101956434e-03
3.271118682077532418e-03
3.169173959126816553e-03
3.039491785222113093e-03
2.694622068734677488e-03
2.500875941991157880e-03
2.441943803004588843e-03
2.251182031708745448e-03
2.051159592432411170e-03
2.045030523477560109e-03
2.037945250144084040e-03
1.998888049223839294e-03
1.928456059877668629e-03
1.920132623779520400e-03
1.847743755826007899e-03
1.827765257995819879e-03
1.713116105538162615e-03
1.704325437647702390e-03
1.610658888129598782e-03
1.474872538723244952e-03
1.396037870832676948e-03
1.277083399994108403e-03
1.268826492557660265e-03
1.210165411322071264e-03
1.185891548984217793e-03
1.069104583176025891e-03
1.058020099780591352e-03
1.038393136210925870e-03
9.949143101201213778e-04
9.946028748933786936e-04
9.012379425504929951e-04
8.908740288212895885e-04
8.700367719689894135e-04
8.653326238274887047e-04
8.000679229769643973e-04
7.676264079446731446e-04
7.204315950319622889e-04
6.325958642748639267e-04
6.173230636704208490e-04
6.139864735560306109e-04
6.062084914987234553e-04
6.059854955057845894e-04
5.904942586799921418e-04
5.731314161524156403e-04
5.686642960836898759e-04
5.610073291324457756e-04
5.402499336272313223e-04
5.149733089698550759e-04
5.132659758326250455e-04
4.768367271020122929e-04
4.692180570337929233e-04
4.547830126803963373e-04
4.487112094493120274e-04
4.419080979657145046e-04
4.327759070429095748e-04
4.299725114280133651e-04
3.781665277692875123e-04
3.742719667528160063e-04
3.742314809978556289e-04
3.555803312294768780e-04
3.506235717264285091e-04
3.471961399310017639e-04
3.469444243334071881e-04
3.234872164440532878e-04
3.183807227980585451e-04
3.031383951206266980e-04
2.756963187543627733e-04
2.716175683482609086e-04
2.706955277971835041e-04
2.654697587633875178e-04
2.545821535381451932e-04
2.512502145860042477e-04
2.451282760142023268e-04
2.450849933967667697e-04
2.348692025897563759e-04
2.325378784254839633e-04
2.303798189018330198e-04
2.259140907545333294e-04
2.206482496684779684e-04
2.143925638956485896e-04
2.097137298562082558e-04
2.076221171921542000e-04
2.063573801042308084e-04
1.857055297068178901e-04
1.770913833280807464e-04
1.765998191320320007e-04
1.688135192739338545e-04
1.683373592408559055e-04
1.656790642684234118e-04
1.604166672255518582e-04
1.596782765413827954e-04
1.536889768014166853e-04
1.523379186937778461e-04
1.467303442829958563e-04
1.461380765392902620e-04
1.442207773379360969e-04
1.440022025910550510e-04
1.406433817639695869e-04
1.403736699047664581e-04
1.348377813847560628e-04
1.275516540223597061e-04
1.246742600539819490e-04
1.216504283943799090e-04
1.205070569825548001e-04
1.202457438313609377e-04
1.201874963827049387e-04
1.153760614897344073e-04
1.149660843111888865e-04
1.149053127625153072e-04
1.145825206658845745e-04
1.060740466637862531e-04
1.028931317220371870e-04
1.028786426675940414e-04
9.720717991839567212e-05
9.607841006385651171e-05
9.600211532853752537e-05
9.020538648270444958e-05
8.939229476318822363e-05
8.936501667060471165e-05
8.766761976015291947e-05
8.711277879395593526e-05
8.517767262674068350e-05
8.494320182020048801e-05
8.187880552597631635e-05
8.169602321454608792e-05
8.106629289986432832e-05
7.681200168648764232e-05
7.604348957020293015e-05
7.498159842516080348e-05
7.079645033213031471e-05
6.830537134227895207e-05
6.805243788590175139e-05
6.754368659954321187e-05
6.696195145872145961e-05
6.540990772561273037e-05
6.530531674588802146e-05
6.526240973690507609e-05
6.478607950662300505e-05
6.430585702648267425e-05
6.311242135836836410e-05
6.279487372515338013e-05
6.005333134881037804e-05
5.853167459154437420e-05
5.850043962886605900e-05
5.821343724384309463e-05
5.721096534058792556e-05
5.552439315606099655e-05
5.353677089386051666e-05
5.338930353136389547e-05
5.316246268602599123e-05
5.309425202756493177e-05
5.137279252659456447e-05
5.112154255499131827e-05
5.110862298389408538e-05
4.905161709845269564e-05
4.892516478248061913e-05
4.835883772169393443e-05
4.598075355028372611e-05
4.578762038089398905e-05
4.519608055733642844e-05
4.271194033067791148e-05
4.270678265011167824e-05
4.254345854994778461e-05
4.246645761625294553e-05
4.208724896083390111e-05
4.120272084102321371e-05
4.100798886451915461e-05
4.045956820057270645e-05
3.962382506237702417e-05
3.923197365766717762e-05
3.815096214805542709e-05
3.779739275983541472e-05
3.691455655510765684e-05
3.667160237784288011e-05
3.635802952359627510e-05
3.575977703919885501e-05
3.568428944671510323e-05
3.501553157520459941e-05
3.500612931214485763e-05
3.391061403164666728e-05
3.388120616321977936e-05
3.352011688190444826e-05
3.314750481450508463e-05
3.249745661889423651e-05
3.159702106745215414e-05
3.143936899604225999e-05
3.106618395838906639e-05
3.038064415929293016e-05
3.010137554125577559e-05
2.995813589069508954e-05
2.989988163766049342e-05
2.945669221421744468e-05
2.932479803254274024e-05
2.910213660375523100e-05
2.849814406644405059e-05
2.847264774523894102e-05
2.773160906314666048e-05
2.675229439753791375e-05
2.669861433950746854e-05
2.643771100125159900e-05
2.612916812699167510e-05
2.588050453423485211e-05
2.575370767685245725e-05
2.532943828488814334e-05
2.514400515956173099e-05
2.504346538590803385e-05
2.485391737058655960e-05
2.481789999280947125e-05
2.443681751813253332e-05
2.441234714965536534e-05
2.405395989508019147e-05
2.359251966512036712e-05
2.354364672896274981e-05
2.334423849380573058e-05
2.249397552451134263e-05
2.243477237101550214e-05
2.208584031024833508e-05
2.195294841604765809e-05
2.193849836829071622e-05
2.171488204737177972e-05
2.134892720598480811e-05
2.126875994894029758e-05
2.123542859352307404e-05
2.098385979150890280e-05
2.072066761111642216e-05
1.988302123437445018e-05
1.962797136433380366e-05
1.953300184237045803e-05
1.946313367616367792e-05
1.944237927408018138e-05
1.919719776938157949e-05
1.912867205758018039e-05
1.904676017640892535e-05
1.893933845558065583e-05
1.884587070477257778e-05
1.848891447100700221e-05
1.846083977905194082e-05
1.818388683760295541e-05
1.791170579709772952e-05
1.783000552939778151e-05
1.775495455477169566e-05
1.771880206576214654e-05
1.751884931069900656e-05
1.749717184869939288e-05
1.732186500996920023e-05
1.711683063103592098e-05
1.705051256468800749e-05
1.701540679712121862e-05
1.685763634341926393e-05
1.669428743862163403e-05
1.668023540021238723e-05
1.661265610605804972e-05
1.648084577536629554e-05
1.630522364497064976e-05
1.629017521182274373e-05
1.626314580180879089e-05
1.617500576147940135e-05
1.609128511658873046e-05
1.602669503776965300e-05
1.595540855430729006e-05
1.582432158349635654e-05
1.577905558042570823e-05
1.560648507355286767e-05
1.545661059293419078e-05
1.538122876401371765e-05
1.537061261021353749e-05
1.530599557651828306e-05
1.516698366441867890e-05
1.509714866227104416e-05
1.496946280350867828e-05
1.494661612602392404e-05
1.483686576869434902e-05
1.456326463222755498e-05
1.453273702649420312e-05
1.423355209115166415e-05
1.422203169385324258e-05
1.420211529517889171e-05
1.384632765069568767e-05
1.384195416464628778e-05
1.373892258537223705e-05
1.367457646539330533e-05
1.363274708038603149e-05
1.354351086305730530e-05
1.336971819834442078e-05
1.324673563779870309e-05
1.306971409480542592e-05
1.298106969908993414e-05
1.275860510694796943e-05
1.260552793316275595e-05
1.241431202703829985e-05
1.236618283408724573e-05
1.223697446530817337e-05
1.201571711482035822e-05
1.194088650741538810e-05
1.183589481526028727e-05
1.178530378605726157e-05
1.177763763265149522e-05
1.174178391595607251e-05
1.162534747185652929e-05
1.153847497279137695e-05
1.139962947667688083e-05
1.132508952969831072e-05
1.091292649559162141e-05
1.081439509069164723e-05
1.070848065630622800e-05
1.069048787573148212e-05
1.060036939267920873e-05
1.028424973530082739e-05
1.012086783373013355e-05
1.004244068387725261e-05
9.908912782391186179e-06
9.861908422437001056e-06
9.827633983499069978e-06
9.708298391262313887e-06
9.556611782460441897e-06
9.489237685397297351e-06
9.390829674178846571e-06
9.345752209738650970e-06
9.308664930580727448e-06
8.847086564352660826e-06
8.811562558595431517e-06
8.658487820307449724e-06
8.631641310466399005e-06
8.607301270057624818e-06
8.352460760825317597e-06
8.258642295858280500e-06
8.228179052874157569e-06
7.976474688345657491e-06
7.795232247239478350e-06
7.521261364386898732e-06
7.419885665816052593e-06
7.343424963337604349e-06
7.293758986642241166e-06
7.193770007221905474e-06
7.101486829166790187e-06
7.053933077143380602e-06
7.030812530122165037e-06
6.957980143873869269e-06
6.655766785642488022e-06
6.618634627183614691e-06
6.436668089435138085e-06
6.381694733279673850e-06
6.333665222941757775e-06
6.197845840271338143e-06
5.937471343503505424e-06
5.893336048423873366e-06
5.791772382213132282e-06
5.716608513714863091e-06
5.459510401819482275e-06
5.324912512938625275e-06
5.151738341646339724e-06
5.076085020781814654e-06
5.057098431049234809e-06
5.028302343397693321e-06
4.945616153597255814e-06
4.907683905643748422e-06
4.846312821173694594e-06
4.833715642254120659e-06
4.789879004492294855e-06
4.406531316349045087e-06
4.386734316114414921e-06
4.256494659504550454e-06
4.211198524995850451e-06
3.983234515783741150e-06
3.968838318076050319e-06
3.853025121667605285e-06
3.760728080580618272e-06
3.506960517703068131e-06
3.412334457461978842e-06
3.274293996403969881e-06
3.260098152733552128e-06
3.203349900471486552e-06
3.134177555562120706e-06
3.034558542787256020e-06
3.030097115916479721e-06
2.952414246826032567e-06
2.936779768796455626e-06
2.879119675224362088e-06
2.850036218168677838e-06
2.822475457043117673e-06
2.712082697563619600e-06
2.678713616882882052e-06
2.330459939744036297e-06
2.292109444999677175e-06
2.202514480140628320e-06
2.158822362318733412e-06
2.012085971374624682e-06
1.958862523753490969e-06
1.790257796328108843e-06
1.734963986580750908e-06
1.657376094672841576e-06
1.645801010942000208e-06
1.588565704584642281e-06
1.552329440342594345e-06
1.471706757780966366e-06
1.431276513711163773e-06
1.378961972802857599e-06
1.347699740633842524e-06
1.317704385642205371e-06
1.298828315084828305e-06
1.286043896446480216e-06
1.277223049667193341e-06
1.261491511380043279e-06
1.016465997412784917e-06
1.007765831063091615e-06
8.319830054651666828e-07
8.130845983844144968e-07
6.932958052219651133e-07
6.693485451212118021e-07
5.868640700171651715e-07
5.621298213554710918e-07
5.044718538700782408e-07
4.815986554542499682e-07
4.408330128629252223e-07
4.211155083038485182e-07
3.922630073981878019e-07
3.761774079672280754e-07
3.560970928105335616e-07
3.437433481944939068e-07
3.304322914140186673e-07
3.217999967869081879e-07
3.139685953081713224e-07
3.090618415673266247e-07
3.057753379317662074e-07
2.760038230928635091e-12
2.760038230928635091e-12
